Scene Loaded!
Model Information and Material Size: 2
Houston we're running the renderer!!!
validation layer: windows_get_device_registry_files: GUID for 6 is not SoftwareComponent skipping
validation layer: Searching for ICD drivers named .\igvk64.dll
validation layer: Searching for ICD drivers named .\nvoglv64.dll
validation layer: Loading layer library C:\ProgramData\obs-studio-hook\.\graphics-hook64.dll
validation layer: Loading layer library C:\WINDOWS\System32\DriverStore\FileRepository\nvmsoegpu.inf_amd64_4d6313ac7ad4b526\.\nvoglv64.dll
validation layer: Loading layer library C:\WINDOWS\System32\DriverStore\FileRepository\nvmsoegpu.inf_amd64_4d6313ac7ad4b526\.\nvoglv64.dll
validation layer: windows_get_device_registry_files: GUID for 6 is not SoftwareComponent skipping
validation layer: Searching for ICD drivers named .\igvk64.dll
validation layer: Searching for ICD drivers named .\nvoglv64.dll
validation layer: Loading layer library C:\ProgramData\obs-studio-hook\.\graphics-hook64.dll
validation layer: Loading layer library C:\WINDOWS\System32\DriverStore\FileRepository\nvmsoegpu.inf_amd64_4d6313ac7ad4b526\.\nvoglv64.dll
validation layer: Loading layer library C:\WINDOWS\System32\DriverStore\FileRepository\nvmsoegpu.inf_amd64_4d6313ac7ad4b526\.\nvoglv64.dll
Created Window Surface
Device count: 3
Swap chain being queried
Swap chain support details acquired successfully.
========================: 
=========TOTAL VRAM============: 
Device VRAM: 7959 MB
Device Name: NVIDIA GeForce RTX 4060 Laptop GPU
Max Bound Descriptor Sets: 32
Max Per Stage Sampled Images: 1048576
Max Total Sampled Images: 1048576
Max 3D Texture Size: 16384
========================: 
Max MSAA Samples: 8
Suitable device found
validation layer: loader_create_device_chain: Using deprecated and ignored 'ppEnabledLayerNames' member of 'VkDeviceCreateInfo' when creating a Vulkan device.
Creating swap chain
Swap chain being queried
Swap chain support details acquired successfully.
Created swap chain
Creating Command Pool
Created Command Pool
========================
Running GPU Benchmark...
========================
GPU Benchmark Results:
  Compute throughput: 10292.8 GFLOPS
  Memory bandwidth:   207.721 GB/s
  Selected quality level: Medium (2)
========================
Required size for Quanta is: 134217728
Required size for Deformation is: 301989888
Quanta initialized: 203x203x51 (2101659 grid points, step=0.31498m)
Required size for Leptons is: 4194304
Leptons lattice: 64x64x16 (65536 grid points, step=1)
Leptons initialized: 65536 particles.
Total grid points is: 4194304
Total Grid Memory Size is: 335544320
MaterialSimulation storage buffers created. Tiles: 8x8x2 (128 total)
EmitterSystem buffers created.
Medium Quality Voxel Resolution. 
Max Vertex Count set to: 4194304
Passes count: 8
Creating global descriptor set layout
Created global descriptor set layout
Creating graphics pipeline background for: BackgroundPass
src/shaders/backgroundvert.spv
Shader modules created and cleaned
Viewport created
Dynamic pipeline created
Graphics pipeline created
Creating graphics pipeline background for: AlbedoPass
src/shaders/albedovert.spv
Shader modules created and cleaned
Viewport created
Dynamic pipeline created
Graphics pipeline created
Creating graphics pipeline background for: NormalPass
src/shaders/normalvert.spv
Shader modules created and cleaned
Viewport created
Dynamic pipeline created
Graphics pipeline created
Creating graphics pipeline background for: PositionPass
src/shaders/positionvert.spv
Shader modules created and cleaned
Viewport created
Dynamic pipeline created
Graphics pipeline created
Creating graphics pipeline background for: OutlinePass
src/shaders/outlinevert.spv
Shader modules created and cleaned
Viewport created
Dynamic pipeline created
Graphics pipeline created
Creating graphics pipeline background for: CombineSDFRasterPass
src/shaders/combineSDFRastervert.spv
Shader modules created and cleaned
Viewport created
Dynamic pipeline created
Graphics pipeline created
Creating graphics pipeline background for: DefaultPass
src/shaders/compositionvert.spv
Shader modules created and cleaned
Viewport created
Dynamic pipeline created
Graphics pipeline created
Creating compute pipeline
Creating compute pipeline
Creating compute pipeline
Compute pipeline created
Memory of voxels in L1: 256 MB
Memory of voxels in L2: 128 MB
Memory of voxels in L3: 8 MB
Size of voxel: 32 bytes
Readback created: VoxelizerPass
Creating compute pipeline
Compute pipeline created
Creating Ray Tracing Pipeline...
Loading ray tracing shader files...
Ray Tracing Pipeline created successfully.
Texture Loaded Name: Assets/Textures/SkyboxBorder.png
Texture Loaded Name Final Token: SkyboxBorder
Texture Loaded Name: Assets/Textures/NoiseAndGrain.png
Texture Loaded Name Final Token: NoiseAndGrain
Memory of 3D Textures WORLD SDF: 64 MB
Memory of 3D Textures in L1: 256 MB
Memory of 3D Textures in L2: 128 MB
Memory of 3D Textures in L3: 8 MB
Textures created
Brush 0 batchID=0 new texture pair [5, 6]
Brush 1 batchID=0 new texture pair [7, 8]
Textures created2
Created 3D texture for world SDF level 0 with resolution: 512
Created 3D texture for world SDF level 1 with resolution: 256
Created 3D texture for world SDF level 2 with resolution: 128
Created 3D texture for world SDF level 3 with resolution: 64
Created 3D texture for world SDF level 4 with resolution: 32
Textures creat2ed2
Creating Uniform Buffers
Created Uniform Buffers
Creating Shader Storage Buffers VoxelizerPass
Vertex count: 72
Vertex size: 3456
vertexBuffer memReq.size = 3456
Voxel L1 Storage Buffers created
VoxelizerPass: VoxelizerPass - MaterialBrushPoints: 32768 points per brush, 8388608 total points, 256 MB
Shader Storage Buffers created
Creating descriptor pools
Created descriptor pools
Creating descriptor pools
Created descriptor pools
Creating descriptor pools
Created descriptor pools
Creating descriptor pools
Created descriptor pools
Creating descriptor pools
Created descriptor pools
Creating descriptor pools
Created descriptor pools
Creating descriptor pools
Created descriptor pools
Creating descriptor pools
Created descriptor pools
Creating Descriptor Pool
Created Descriptor Pool
Creating descriptor sets
Created descriptor sets
Creating descriptor sets
Created descriptor sets
Creating descriptor sets
Created descriptor sets
Creating descriptor sets
Created descriptor sets
Creating descriptor sets
Created descriptor sets
Creating descriptor sets
Created descriptor sets
Creating descriptor sets
Created descriptor sets
Creating Global Descriptor Set
Created Global Descriptor Set
Creating Compute Descriptor Sets
Created descriptor sets
MaterialSimulation sort pipelines created.
MaterialSimulation compute workload initialized.
emitterEventBuffer: 000001D6DA6DBC00
quanta[0]: 000001D6DA6325E0
quanta[1]: 000001D6DA632770
quanta[2]: 000001D6DA6317D0
Created Descriptor layout emitter
Created Descriptor layout pool
Created Descriptor sets
Created Descriptor writes
Created pipeline layout
EmitterSystem compute workload initialized.
Created Command Buffer
Allocated compute command buffers
Started pool info imgui
Started pool info imgui
0
0
Brush resolution and ID: 0 , 64
Brush resolution and ID: 1 , 64
Brush creation took: 0 milliseconds
Brushes Processed: 2
Total Voxels Created: 524288
Estimated Particles Created: 65536
Brush resolution and ID: 0 , 64
Brush resolution and ID: 1 , 64
Brush creation took: 0 milliseconds
Brushes Processed: 2
Total Voxels Created: 524288
Estimated Particles Created: 65536
0
0
0
0
0
0
0
0
0
0
0
0
0
0
0
0
0
0
-0.0349642
-0.0338673
-0.0359412
-0.0353733
-0.048078
-0.0461487
-0.0583103
-0.0550717
-0.067203
-0.0613796
-0.0739756
-0.0648262
-0.0801719
-0.066209
-0.0831057
-0.0661842
-0.086617
-0.0655966
-0.0887362
-0.0643747
-0.0924084
-0.0627206
-0.0947929
-0.0605455
-0.0965194
-0.0579032
-0.0977191
-0.0553631
-0.0983753
-0.0533614
-0.0982363
-0.0517187
-0.0985393
-0.049812
-0.0981326
-0.0475032
-0.0978156
-0.0456049
-0.0955591
-0.0436063
-0.0937398
-0.0415529
-0.0922914
-0.0392836
-0.0903941
-0.0366948
-0.087844
-0.0350578
-0.0848433
-0.0350874
-0.0831784
-0.0348189
-0.0803323
-0.0340788
-0.0781676
-0.03423
-0.0771367
-0.0340505
-0.0757343
-0.0341484
-0.0756483
-0.0343545
-0.0746395
-0.035239
-0.0742476
-0.0352952
-0.0740177
-0.0355625
-0.0734622
-0.0356192
-0.0732975
-0.036479
-0.0735618
-0.0369076
-0.0735162
-0.0374539
-0.073338
-0.038238
-0.0733757
-0.038482
-0.0726519
-0.0378387
-0.0721336
-0.0370106
-0.0708399
-0.0361476
-0.0690104
-0.0355638
-0.0670899
-0.0345944
-0.064932
-0.0338817
-0.0640157
-0.0333454
-0.0641843
-0.0324677
-0.0642043
-0.032211
-0.0638915
-0.0321365
-0.0636308
-0.0323781
-0.0633144
-0.0329275
-0.0623807
-0.0334861
-0.0616225
-0.0340658
-0.0619934
-0.0347772
-0.0623356
-0.0349344
-0.0626623
-0.0353413
-0.0628128
-0.0358836
-0.0629929
-0.0367004
-0.0633771
-0.0371418
-0.0638122
-0.0367647
-0.0636589
-0.0361445
-0.0623417
-0.0367203
-0.0605474
-0.0360377
-0.0591137
-0.0359784
-0.0580241
-0.0354245
-0.0573572
-0.0347618
-0.0575375
-0.034854
-0.0577842
-0.0347279
-0.0577534
-0.0347648
-0.0581064
-0.0345528
-0.0583574
-0.034927
-0.0584561
-0.0356907
-0.0590604
-0.0359451
-0.0601889
-0.0367583
-0.0610385
-0.0382502
-0.0616514
-0.037888
-0.061374
-0.0389471
-0.0607795
-0.0383134
-0.0593896
-0.0379957
-0.0581272
-0.0376858
-0.0564748
-0.0382734
-0.0552189
-0.0376233
-0.0543184
-0.0372392
-0.0545682
-0.0368748
-0.0555058
-0.0363293
-0.0569804
-0.0369698
-0.0583374
-0.0375841
-0.0597304
-0.0380582
-0.0614879
-0.0383572
-0.0616491
-0.0378751
-0.061284
-0.0383392
-0.0615944
-0.0378833
-0.0621829
-0.03742
-0.0626177
-0.0363577
-0.0625241
-0.0350565
-0.0622451
-0.033327
-0.0619901
-0.0323446
-0.0617466
-0.0321402
-0.0616228
-0.0321432
-0.061692
-0.032719
-0.0613798
-0.0336296
-0.0608163
-0.0351618
-0.0596563
-0.0368713
-0.059149
-0.0382986
-0.0585242
-0.0386728
-0.0581812
-0.0384037
-0.0576139
-0.038573
-0.0571199
-0.0386525
-0.0565852
-0.0384746
-0.0557876
-0.037721
-0.0551235
-0.0389086
-0.0554891
-0.0377562
-0.0556319
-0.0379223
-0.0561595
-0.0375654
-0.0569882
-0.0367913
-0.0576269
-0.0362543
-0.0579758
-0.0345424
-0.0582435
-0.0329389
-0.0589353
-0.0317104
-0.0598759
-0.0306767
-0.0602469
-0.03048
-0.0607213
-0.0302548
-0.0604891
-0.0310249
-0.0600096
-0.0322221
-0.0593032
-0.0334618
-0.0585484
-0.0345109
-0.0578697
-0.0347558
-0.0580351
-0.0353672
-0.058728
-0.035577
-0.0598123
-0.0364805
-0.0604094
-0.037295
-0.0609693
-0.038047
-0.0613138
-0.0381647
-0.0614249
-0.0385709
-0.0611229
-0.0384884
-0.0606877
-0.0375865
-0.0595916
-0.0373299
-0.0587945
-0.037256
-0.0581335
-0.0369568
-0.0575343
-0.0369489
-0.0565528
-0.036914
-0.0565056
-0.0368688
-0.0565167
-0.0359383
-0.056376
-0.035927
-0.0563887
-0.0350478
-0.056506
-0.0345863
-0.0563535
-0.0342439
-0.0564909
-0.0345412
-0.0562194
-0.0341149
-0.0557282
-0.0332017
-0.0555973
-0.0340136
-0.0556082
-0.0333295
-0.0553146
-0.034826
-0.0550273
-0.0343083
-0.0548428
-0.0356882
-0.0544048
-0.0357751
-0.0551792
-0.0364822
-0.0565898
-0.0360992
-0.0583509
-0.036216
-0.0697435
-0.0368503
-0.0729026
-0.0359624
-0.077366
-0.0366548
-0.0826083
-0.0363302
-0.0835696
-0.0357918
-0.0857542
-0.0355912
-0.0850926
-0.0358533
-0.0825394
-0.0360971
-0.0799678
-0.0362664
-0.0802922
-0.0361452
-0.0765593
-0.0356303
-0.0799512
-0.0355897
-0.0844802
-0.0361825
-0.0871391
-0.036039
-0.0907889
-0.0369645
-0.0957603
-0.0385182
-0.10599
-0.0399883
-0.115482
-0.0411383
-0.120165
-0.0412271
-0.125585
-0.0409147
-0.131054
-0.0407929
-0.138187
-0.0408394
-0.143658
-0.0409561
-0.145514
-0.0408202
-0.153277
-0.0404439
-0.158576
-0.0399795
-0.157832
-0.0412229
-0.15319
-0.0415564
-0.143331
-0.0418171
-0.134761
-0.0418277
-0.123036
-0.0421178
-0.112749
-0.041427
-0.0983359
-0.0404319
-0.0873961
-0.0391208
-0.0777661
-0.0378583
-0.0723718
-0.0370637
-0.0705044
-0.036314
-0.0674816
-0.0344114
-0.0667462
-0.0336753
-0.062878
-0.0334725
-0.0591497
-0.0327724
-0.0561486
-0.0320805
-0.0532785
-0.0316979
-0.0515885
-0.031291
-0.0526654
-0.0309963
-0.0575412
-0.0311451
-0.0625053
-0.0319355
-0.0627936
-0.032322
-0.0644739
-0.0331166
-0.0642798
-0.0340991
-0.0643413
-0.0356772
-0.0649584
-0.0372161
-0.0652018
-0.0383028
-0.0663838
-0.0373348
-0.0682551
-0.0369868
-0.0766008
-0.0365536
-0.0908228
-0.0366618
-0.0980861
-0.0368484
-0.104419
-0.0361347
-0.110209
-0.0363638
-0.115938
-0.0362375
-0.119458
-0.0362074
-0.120614
-0.0362126
-0.11945
-0.0363914
-0.117393
-0.036207
-0.114672
-0.0364469
-0.111526
-0.0368128
-0.109024
-0.0364844
-0.104854
-0.0367868
-0.101469
-0.0364891
-0.09826
-0.0372106
-0.0981692
-0.0360938
-0.0937596
-0.0357747
-0.0938431
-0.0352726
-0.0884041
-0.0348642
-0.0874003
-0.0347781
-0.0881982
-0.0350392
-0.0883215
-0.0355137
-0.0892585
-0.0344386
-0.0861235
-0.0340914
-0.0838051
-0.0334618
-0.0759409
-0.033695
-0.0703878
-0.0339751
-0.0694847
-0.0341692
-0.0661704
-0.0347125
-0.0613731
-0.0336654
-0.059222
-0.0341318
-0.057289
-0.0333483
-0.0592036
-0.0339769
-0.0626936
-0.0338868
-0.0647477
-0.0345457
-0.0643388
-0.0335478
-0.0653891
-0.0341146
-0.06478
-0.0338531
-0.0635718
-0.0334409
-0.0629736
-0.0332994
-0.059986
-0.0340967
-0.055272
-0.0345781
-0.0518227
-0.0347349
-0.0527383
-0.0345726
-0.0531872
-0.0339291
-0.0524268
-0.0326491
-0.051564
-0.0322313
-0.0518942
-0.0325674
-0.0543313
-0.0328253
-0.0572307
-0.0327305
-0.0610056
-0.0330186
-0.0605923
-0.0334076
-0.0609993
-0.0336766
-0.0631537
-0.0336812
-0.0666674
-0.0329105
-0.0717132
-0.0329461
-0.0748463
-0.0327468
-0.0771199
-0.0321995
-0.0820587
-0.032304
-0.088164
-0.0324643
-0.0933543
-0.0326037
-0.096989
-0.0328984
-0.100872
-0.0329895
-0.0998903
-0.0334384
-0.103321
-0.0330807
-0.110924
-0.0324604
-0.116851
-0.0317308
-0.115558
-0.0315386
-0.112298
-0.0323919
-0.109032
-0.0327852
-0.10478
-0.0336532
-0.105453
-0.0339934
-0.105743
-0.0338645
-0.103972
-0.0327591
-0.101215
-0.0321205
-0.0944545
-0.0315171
-0.0926996
-0.030938
-0.089874
-0.0306084
-0.0893234
-0.0302221
-0.0865592
-0.0303863
-0.0870652
-0.0309134
-0.0911747
-0.0315395
-0.0933289
-0.032101
-0.10207
-0.03276
-0.109142
-0.0333795
-0.11449
-0.0338817
-0.11808
-0.0340084
-0.118156
-0.0340319
-0.116607
-0.0346552
-0.119108
-0.0342557
-0.116895
-0.0344209
-0.114596
-0.0340448
-0.111709
-0.0338084
-0.108606
-0.0335541
-0.106519
-0.033191
-0.104161
-0.0336354
-0.105765
-0.0336173
-0.105472
-0.0336953
-0.0942479
-0.0336878
-0.0869837
-0.0339443
-0.0847204
-0.0334465
-0.0768873
-0.0334981
-0.0701824
-0.0327769
-0.0627974
-0.0320061
-0.0595125
-0.0317498
-0.0549151
-0.0313211
-0.0615098
-0.0315814
-0.0668524
-0.0327908
-0.0754973
-0.0333225
-0.0819633
-0.0335919
-0.0867696
-0.0342933
-0.0912816
-0.0347678
-0.0954003
-0.0350152
-0.092647
-0.0352141
-0.089445
-0.0352067
-0.0822587
-0.0348436
-0.0759129
-0.0341977
-0.0716335
-0.0333989
-0.0697061
-0.0318967
-0.0687289
-0.0308785
-0.072972
-0.0303936
-0.0796131
-0.0301607
-0.0869669
-0.0297446
-0.0954757
-0.0303948
-0.100915
-0.0317657
-0.107724
-0.0323032
-0.11079
-0.0314741
-0.112374
-0.0330197
-0.105636
-0.033763
-0.111527
-0.0338102
-0.105855
-0.0342388
-0.105514
-0.034692
-0.105182
-0.02881
-0.1065
-0.0320011
-0.10463
-0.0315608
-0.104731
-0.0399417
-0.104183
-0.0606579
-0.101245
-0.0717894
-0.096581
-0.0760442
-0.0928116
-0.0796246
-0.0893715
-0.0716103
-0.0795796
-0.0790137
-0.0738076
-0.084152
-0.0685484
-0.0886722
-0.0642864
-0.0909486
-0.0648117
-0.0915302
-0.0676809
-0.0908202
-0.0707479
-0.0871275
-0.0719153
-0.0836031
-0.073417
-0.0805219
-0.0807376
-0.0811947
-0.087506
-0.0824169
-0.0958808
-0.0836572
-0.101951
-0.0834426
-0.106931
-0.0842433
-0.10888
-0.0846001
-0.116264
-0.0853525
-0.121929
-0.0869372
-0.124084
-0.0849882
-0.132163
-0.0860521
-0.133185
-0.0884077
-0.138189
-0.0850609
-0.1389
-0.0864806
-0.129381
-0.0855641
-0.121941
-0.0839082
-0.114373
-0.083209
-0.0941585
-0.0843614
-0.0865469
-0.085065
-0.0749556
-0.0846557
-0.063449
-0.0833902
-0.0538109
-0.0804524
-0.0497412
-0.0778933
-0.051076
-0.0743734
-0.0522379
-0.0701623
-0.0517477
-0.0678435
-0.0519147
-0.0639024
-0.0520923
-0.0636048
-0.0557733
-0.063479
-0.0612691
-0.0619736
-0.0656733
-0.0594139
-0.0656301
-0.0621158
-0.0658621
-0.0661644
-0.0672487
-0.0707452
-0.070435
-0.0758321
-0.0707161
-0.0790144
-0.0685907
-0.07893
-0.0697234
-0.0746551
-0.0732189
-0.0741739
-0.0719084
-0.0722338
-0.0692843
-0.0697027
-0.0701173
-0.0658515
-0.0763266
-0.0592382
-0.0832722
-0.0911171
-0.0856631
-0.0892749
-0.0871639
-0.0857365
-0.0930872
-0.0802853
-0.0967723
-0.0761412
-0.0996757
-0.0759461
-0.101247
-0.075301
-0.105993
-0.0759191
-0.109087
-0.0804376
-0.114774
-0.080071
-0.10941
-0.0787567
-0.110685
-0.0768688
-0.109626
-0.077096
-0.10867
-0.0740611
-0.110136
-0.0725705
-0.106766
-0.0734773
-0.103688
-0.0734527
-0.0951096
-0.0726468
-0.0868992
-0.0696262
-0.0787456
-0.0709283
-0.0739458
-0.0677287
-0.0714972
-0.0658944
-0.0654962
-0.0616233
-0.0657231
-0.0628063
-0.0633975
-0.0672468
-0.0625567
-0.0706452
-0.0639205
-0.0733278
-0.0619367
-0.0792968
-0.0617297
-0.080189
-0.0586321
-0.0793065
-0.0604242
-0.0788201
-0.066194
-0.0769839
-0.0724071
-0.072224
-0.0787733
-0.0679863
-0.0847401
-0.0679359
-0.088067
-0.0664607
-0.0931785
-0.0605862
-0.100298
-0.0570539
-0.106828
-0.0601517
-0.116995
-0.0639079
-0.124703
-0.0666924
-0.126897
-0.071421
-0.12748
-0.0791646
-0.127906
-0.081499
-0.130813
-0.0822465
-0.129441
-0.0848264
-0.122806
-0.0857476
-0.119503
-0.0863247
-0.111721
-0.0854904
-0.107742
-0.0857842
-0.10105
-0.0857782
-0.0998438
-0.109356
-0.0985027
-0.107449
-0.0853515
-0.104642
-0.0794081
-0.0996344
-0.0760102
-0.0970318
-0.0732058
-0.0984653
-0.0725909
-0.0933234
-0.0717538
-0.0907289
-0.0658805
-0.0865956
-0.0609975
-0.0856128
-0.0580621
-0.0828763
-0.0575563
-0.0782202
-0.0550791
-0.0746908
-0.0534984
-0.0715803
-0.0513996
-0.071318
-0.0525203
-0.0703481
-0.0549184
-0.068403
-0.0544398
-0.0676607
-0.0513893
-0.0655812
-0.0505908
-0.0672376
-0.0509632
-0.0675251
-0.0539413
-0.0722616
-0.0558597
-0.0783428
-0.0558888
-0.084116
-0.0579504
-0.089952
-0.0613431
-0.0945913
-0.066206
-0.0971187
-0.0733678
-0.0998325
-0.0779906
-0.103048
-0.0772646
-0.105366
-0.0779375
-0.104458
-0.0802071
-0.104934
-0.0851148
-0.103797
-0.0852479
-0.103833
-0.0900984
-0.104692
-0.0949008
-0.102036
-0.0981687
-0.0987069
-0.0996116
-0.0937891
-0.101472
-0.0852383
-0.0986771
-0.0772601
-0.0937305
-0.068392
-0.0912327
-0.0608785
-0.0913032
-0.0543616
-0.0879877
-0.0666206
-0.0850832
-0.063076
-0.0804401
-0.0588894
-0.0799758
-0.0558893
-0.0785576
-0.0534044
-0.075876
-0.0511929
-0.0744852
-0.0502178
-0.0729587
-0.0500128
-0.0703591
-0.0513204
-0.0675044
-0.0536054
-0.064791
-0.0558621
-0.0629113
-0.0581103
-0.0607314
-0.0598774
-0.0619775
-0.0634161
-0.0659129
-0.0641338
-0.0715574
-0.0639866
-0.0732212
-0.0629878
-0.0752119
-0.0607929
-0.078432
-0.0581575
-0.0827029
-0.056248
-0.0858217
-0.0569363
-0.0855304
-0.0566052
-0.0860793
-0.056678
-0.0770387
-0.055211
-0.0826895
-0.0546853
-0.0835162
-0.0555609
-0.0868048
-0.0596973
-0.0859834
-0.0626653
-0.0850086
-0.0655008
-0.083175
-0.0683052
-0.0810353
-0.0711535
-0.0796888
-0.0753513
-0.0782542
-0.0816573
-0.0756047
-0.0885584
-0.07083
-0.0929645
-0.066476
-0.0969664
-0.0617821
-0.101013
-0.0571839
-0.104014
-0.0550083
-0.103703
-0.0533664
-0.105304
-0.0517032
-0.104221
-0.0515181
-0.1043
-0.0521021
-0.103521
-0.0519477
-0.101771
-0.0507856
-0.0993872
-0.0479381
-0.0967406
-0.0457843
-0.0935689
-0.0427322
-0.0895563
-0.0410213
-0.0833598
-0.0383282
-0.0772705
-0.0359829
-0.0709479
-0.0354858
-0.0661448
-0.0373729
-0.0672065
-0.0397051
-0.0655831
-0.0427115
-0.0632728
-0.0457122
-0.0610355
-0.0487627
-0.0593869
-0.0453726
-0.0602768
-0.0459929
-0.0618353
-0.043965
-0.0643479
-0.0431672
-0.0680068
-0.0442655
-0.0719405
-0.0474049
-0.0760777
-0.0495566
-0.0834073
-0.0496366
-0.0877621
-0.0496842
-0.0899879
-0.0516084
-0.0915257
-0.0552121
-0.0955676
-0.0580432
-0.0987449
-0.0590212
-0.101937
-0.0573354
-0.102202
-0.0561333
-0.106241
-0.0571339
-0.107203
-0.0571653
-0.108228
-0.0558557
-0.115734
-0.0563939
-0.120693
-0.0566209
-0.121299
-0.0588716
-0.121615
-0.0589594
-0.120729
-0.0607016
-0.118811
-0.0615477
-0.114446
-0.0601894
-0.108867
-0.0570237
-0.10186
-0.0579267
-0.0988574
-0.058124
-0.0957653
-0.0587207
-0.0944607
-0.0586791
-0.0914199
-0.0597193
-0.0874662
-0.0642425
-0.0837687
-0.0575032
-0.0806654
-0.0606895
-0.0763301
-0.0611812
-0.0745526
-0.0605929
-0.0711913
-0.0631611
-0.0644926
-0.0647197
-0.05934
-0.0629062
-0.0578115
-0.0616447
-0.0545363
-0.0572929
-0.0522765
-0.0550851
-0.0496916
-0.0527797
-0.0499011
-0.0526582
-0.0513387
-0.0509701
-0.0551381
-0.0488674
-0.059136
-0.0445715
-0.0633542
-0.0416727
-0.0699862
-0.0414679
-0.0778425
-0.0411099
-0.0840312
-0.0403734
-0.0884196
-0.0401919
-0.0915977
-0.0385216
-0.0956297
-0.0375507
-0.100732
-0.0373601
-0.106065
-0.0381715
-0.110963
-0.0400293
-0.113817
-0.0402792
-0.119479
-0.0417297
-0.127675
-0.0443803
-0.133935
-0.0459766
-0.138811
-0.0457806
-0.13707
-0.0428571
-0.134033
-0.0407021
-0.131819
-0.037841
-0.129575
-0.0368005
-0.129109
-0.0361697
-0.125377
-0.0370724
-0.12085
-0.0367243
-0.121583
-0.0370636
-0.123263
-0.0380315
-0.122165
-0.0400092
-0.123397
-0.044662
-0.124936
-0.0498835
-0.125792
-0.0535711
-0.124364
-0.0560009
-0.125606
-0.0566709
-0.126792
-0.0578935
-0.128576
-0.0604705
-0.126913
-0.0637876
-0.12898
-0.0680645
-0.131221
-0.0731214
-0.135644
-0.0768051
-0.135495
-0.0824486
-0.130705
-0.0847084
-0.127508
-0.0838442
-0.120715
-0.0849036
-0.111425
-0.0811898
-0.105143
-0.0773037
-0.102399
-0.0757859
-0.103765
-0.072862
-0.104632
-0.0696372
-0.107235
-0.066157
-0.106582
-0.0620316
-0.101666
-0.0563046
-0.10118
-0.0517406
-0.0997847
-0.0465451
-0.0973298
-0.0429012
-0.093504
-0.0413539
-0.088778
-0.0391829
-0.0880145
-0.0371731
-0.0874085
-0.0357827
-0.0907113
-0.0348507
-0.0953658
-0.0350214
-0.0974472
-0.0348169
-0.101633
-0.0262601
-0.107781
-0.0268929
-0.110677
-0.0273158
-0.112623
-0.0283789
-0.113633
-0.029068
-0.113602
-0.0299135
-0.123051
-0.0305837
-0.124158
-0.0311533
-0.121346
-0.0308742
-0.120834
-0.0301995
-0.119973
-0.0296779
-0.118334
-0.0268227
-0.112527
-0.0238468
-0.107929
-0.0221719
-0.103389
-0.0210079
-0.100528
-0.0184743
-0.0960903
-0.0172678
-0.0903326
-0.0174277
-0.0838681
-0.0182172
-0.0808054
-0.0198992
-0.0793828
-0.0215483
-0.0834035
-0.0243177
-0.0852328
-0.0256381
-0.0869523
-0.027965
-0.0905095
-0.0303342
-0.091498
-0.0324794
-0.0958311
-0.0342966
-0.0969893
-0.0348287
-0.102251
-0.0328443
-0.110585
-0.0325026
-0.113735
-0.030298
-0.118342
-0.0289581
-0.121952
-0.0268201
-0.125283
-0.0255256
-0.13138
-0.0244766
-0.135273
-0.0242219
-0.137372
-0.0258747
-0.136336
-0.0270189
-0.130753
-0.0287593
-0.123467
-0.0296232
-0.11637
-0.0318938
-0.108813
-0.032808
-0.0978788
-0.0340024
-0.0919542
-0.0374857
-0.0891229
-0.0408409
-0.0859853
-0.044035
-0.0843594
-0.0467076
-0.0813823
-0.0486981
-0.0788849
-0.0475348
-0.076731
-0.0434321
-0.0745367
-0.0422678
-0.0714722
-0.0404195
-0.071632
-0.0396088
-0.0727594
-0.0383546
-0.0745125
-0.0377385
-0.0730261
-0.0364467
-0.0717228
-0.0341228
-0.071397
-0.0331823
-0.0726132
-0.0346121
-0.0761148
-0.0368564
-0.0809661
-0.0399642
-0.0839865
-0.0426651
-0.0874176
-0.0434352
-0.0912575
-0.0430042
-0.0962583
-0.0440157
-0.100828
-0.0452564
-0.102594
-0.0490792
-0.103557
-0.0505778
-0.106287
-0.0517408
-0.109929
-0.0528465
-0.111544
-0.0525396
-0.113046
-0.0503237
-0.116356
-0.0497512
-0.116758
-0.051602
-0.120357
-0.0541236
-0.117801
-0.0554612
-0.112909
-0.0551115
-0.109425
-0.0556825
-0.103731
-0.0586913
-0.0976869
-0.058232
-0.0902738
-0.05829
-0.0816326
-0.0578762
-0.0778932
-0.0551628
-0.0732621
-0.0508448
-0.0706221
-0.0459427
-0.0687036
-0.043877
-0.0725773
-0.043528
-0.0747015
-0.0392014
-0.0765068
-0.0340832
-0.0799213
-0.0326907
-0.0826764
-0.0288959
-0.0871149
-0.0271166
-0.0879302
-0.0254694
-0.0906457
-0.0252925
-0.0978463
-0.0258084
-0.103049
-0.0265511
-0.108544
-0.0271961
-0.107941
-0.0274139
-0.109174
-0.0279858
-0.114415
-0.0298274
-0.121532
-0.0313493
-0.127405
-0.032771
-0.135825
-0.0339208
-0.141202
-0.0357579
-0.138043
-0.0375043
-0.136487
-0.0277434
-0.134672
-0.03074
-0.129555
-0.0331176
-0.124673
-0.0344399
-0.123045
-0.0338184
-0.115917
-0.0323643
-0.110696
-0.0314979
-0.105781
-0.0307674
-0.100955
-0.0310871
-0.0940735
-0.0305583
-0.0887257
-0.029966
-0.0820743
-0.0297602
-0.0770126
-0.0292449
-0.0746092
-0.0291615
-0.0732756
-0.0283342
-0.0696102
-0.0280507
-0.065486
-0.0277919
-0.0640813
-0.0270599
-0.0657723
-0.0279566
-0.0681575
-0.0321486
-0.0726936
-0.0360419
-0.0759028
-0.0398081
-0.0774788
-0.0426293
-0.0814802
-0.0447102
-0.085864
-0.0455341
-0.0887196
-0.0458305
-0.0904394
-0.0467507
-0.0932862
-0.0472283
-0.095283
-0.0488346
-0.0995467
-0.0505843
-0.108062
-0.0522394
-0.118472
-0.0526838
-0.119249
-0.052714
-0.121175
-0.0535348
-0.127375
-0.0552427
-0.124893
-0.0572615
-0.121143
-0.0565152
-0.117501
-0.0530058
-0.110807
-0.0497139
-0.110138
-0.0449906
-0.104504
-0.0398667
-0.0994645
-0.0365927
-0.0993019
-0.0349171
-0.09956
-0.0334448
-0.103575
-0.0323338
-0.102146
-0.0320088
-0.100718
-0.0325683
-0.104937
-0.0324768
-0.108133
-0.0331231
-0.108657
-0.0316059
-0.110327
-0.0300222
-0.114995
-0.0270164
-0.117936
-0.0244702
-0.123603
-0.0229013
-0.126169
-0.020414
-0.129263
-0.0200725
-0.134709
-0.0191689
-0.135325
-0.0182617
-0.13491
-0.0183211
-0.133223
-0.0179934
-0.129391
-0.0187555
-0.124945
-0.0185257
-0.120127
-0.0179989
-0.115431
-0.0176575
-0.107332
-0.0178577
-0.0995442
-0.0186691
-0.0976322
-0.0213044
-0.0960251
-0.0217033
-0.0954724
-0.0221552
-0.0948382
-0.0225431
-0.0940368
-0.0224758
-0.092941
-0.0221162
-0.0910283
-0.021043
-0.0874562
-0.0201399
-0.0838623
-0.0208439
-0.0796358
-0.0203446
-0.0771064
-0.0205578
-0.0747291
-0.020549
-0.0743176
-0.0211961
-0.0742404
-0.0209511
-0.0751228
-0.0217691
-0.0804163
-0.0231002
-0.0843192
-0.0239314
-0.0898068
-0.0243232
-0.0924756
-0.0246033
-0.0964322
-0.0229223
-0.0985471
-0.0218018
-0.101759
-0.0215658
-0.104038
-0.0210254
-0.108227
-0.0209926
-0.115175
-0.0213087
-0.118297
-0.0201944
-0.118954
-0.018781
-0.117187
-0.0181517
-0.115158
-0.0174874
-0.11402
-0.0175006
-0.108694
-0.0187017
-0.103611
-0.0197784
-0.0974908
-0.020378
-0.0918207
-0.0199964
-0.0862126
-0.0188776
-0.0808945
-0.0189518
-0.0789259
-0.0182288
-0.0775835
-0.0180294
-0.0769082
-0.0207389
-0.0724833
-0.0227496
-0.073766
-0.0248593
-0.0764332
-0.0270254
-0.0773987
-0.028585
-0.0830211
-0.0287228
-0.0863994
-0.0293984
-0.0890878
-0.030286
-0.0917875
-0.0297195
-0.0929487
-0.0293106
-0.0970712
-0.0277785
-0.0987878
-0.0260344
-0.101383
-0.0243451
-0.108687
-0.0238498
-0.114364
-0.0241949
-0.116767
-0.0255432
-0.122377
-0.0281558
-0.126257
-0.030723
-0.125984
-0.0326757
-0.126171
-0.0325445
-0.123443
-0.0347701
-0.11885
-0.0367736
-0.109543
-0.0390355
-0.0997404
-0.0429219
-0.0931342
-0.0459286
-0.0856927
-0.0316209
-0.0796023
-0.0335335
-0.0747816
-0.0337916
-0.0705477
-0.0326823
-0.0703005
-0.0313222
-0.0726336
-0.031132
-0.0719323
-0.0293681
-0.0678363
-0.0283191
-0.0666978
-0.0267916
-0.0657697
-0.0240236
-0.0640956
-0.0224284
-0.0668293
-0.0216928
-0.0671435
-0.0206865
-0.067331
-0.0198577
-0.0657486
-0.0190507
-0.0654138
-0.0194666
-0.0649327
-0.0190754
-0.0650734
-0.0179708
-0.065572
-0.0174876
-0.0668445
-0.0169686
-0.0697063
-0.0166651
-0.0753191
-0.0168954
-0.0803058
-0.0173537
-0.0850453
-0.0178861
-0.0907878
-0.0186075
-0.0943274
-0.0201074
-0.0991426
-0.0214461
-0.103114
-0.021767
-0.104406
-0.0225753
-0.106925
-0.0239612
-0.11081
-0.0243277
-0.114183
-0.0250494
-0.116831
-0.0257871
-0.11725
-0.0266681
-0.116533
-0.026684
-0.115903
-0.02735
-0.111515
-0.0279285
-0.105153
-0.0278225
-0.0996453
-0.0264206
-0.0935782
-0.0252338
-0.0880754
-0.025404
-0.0823069
-0.0244961
-0.077402
-0.0242974
-0.0714087
-0.0249039
-0.0686578
-0.0259133
-0.0660945
-0.027013
-0.0656468
-0.0244922
-0.0658877
-0.0236034
-0.0661504
-0.0231503
-0.0695853
-0.0235982
-0.0741257
-0.0249103
-0.0767829
-0.0260853
-0.0787284
-0.0263053
-0.0801254
-0.0259012
-0.0825914
-0.0259356
-0.0853104
-0.02563
-0.0875698
-0.0245185
-0.0904694
-0.0220464
-0.0932618
-0.0193121
-0.09878
-0.0180898
-0.103483
-0.0173833
-0.105315
-0.0173965
-0.109686
-0.0186217
-0.112562
-0.0179828
-0.116367
-0.0183214
-0.122407
-0.0186648
-0.127484
-0.0177614
-0.128297
-0.0182459
-0.1284
-0.0182591
-0.123415
-0.0180227
-0.119354
-0.0186488
-0.1132
-0.0192359
-0.106096
-0.0196199
-0.101266
-0.0189329
-0.0997392
-0.0193752
-0.0946629
-0.0201605
-0.0879597
-0.019947
-0.0828809
-0.018785
-0.0767072
-0.0178563
-0.0730685
-0.0174051
-0.0681395
-0.0177647
-0.0649477
-0.0177708
-0.061207
-0.0162824
-0.0557909
-0.0163512
-0.050579
-0.0160032
-0.0460925
-0.0156756
-0.0467904
-0.0146992
-0.0469549
-0.0130874
-0.0472134
-0.011976
-0.0474093
-0.0108432
-0.0498331
-0.0102062
-0.0515574
-0.0105148
-0.0551533
-0.010741
-0.0581864
-0.0106324
-0.0622684
-0.0109481
-0.0666653
-0.0117799
-0.0738715
-0.0122654
-0.0805616
-0.0129157
-0.0852299
-0.0139123
-0.0899655
-0.0150046
-0.0920127
-0.015961
-0.0942326
-0.0162868
-0.097143
-0.016729
-0.102672
-0.0160414
-0.106818
-0.0160065
-0.10499
-0.0165014
-0.106781
-0.0162497
-0.106577
-0.0167263
-0.105187
-0.017437
-0.102504
-0.0181623
-0.101533
-0.0186325
-0.0984201
-0.0195794
-0.0894885
-0.0203509
-0.0853239
-0.0214634
-0.0812733
-0.0235585
-0.0768338
-0.0248983
-0.0752938
-0.0261674
-0.0732308
-0.0275652
-0.072345
-0.0287451
-0.0725507
-0.0298014
-0.0733213
-0.0310859
-0.0751454
-0.0326585
-0.0755998
-0.0320906
-0.0793526
-0.0313789
-0.0811763
-0.0295283
-0.0833653
-0.0283808
-0.0836194
-0.0283969
-0.0853186
-0.028119
-0.0883944
-0.0271143
-0.0906087
-0.0264051
-0.0942646
-0.0264582
-0.0962992
-0.0250863
-0.0961889
-0.0250891
-0.0972982
-0.0253402
-0.100995
-0.0250071
-0.101564
-0.0265068
-0.101517
-0.0271278
-0.103327
-0.0262271
-0.106696
-0.0260238
-0.104667
-0.0263087
-0.105742
-0.0262579
-0.10299
-0.0261902
-0.0984023
-0.0271295
-0.0937681
-0.02826
-0.0924982
-0.0294008
-0.0864254
-0.0308832
-0.0798084
-0.034293
-0.0759495
-0.0347892
-0.0720882
-0.035693
-0.0712295
-0.0374039
-0.0717564
-0.0381808
-0.0733227
-0.0392629
-0.078743
-0.0397838
-0.0801115
-0.0398884
-0.0771959
-0.039763
-0.0785463
-0.0401973
-0.0796081
-0.0413687
-0.0756489
-0.0437543
-0.0749948
-0.0440718
-0.0746373
-0.0435505
-0.0738546
-0.0399197
-0.0727764
-0.0222238
-0.0728036
-0.0235395
-0.0728379
-0.0238183
-0.0731202
-0.023037
-0.0744845
-0.0225261
-0.0783788
-0.0223906
-0.0826279
-0.0220983
-0.0872051
-0.0214753
-0.091994
-0.0209216
-0.0966949
-0.0197783
-0.100876
-0.0192956
-0.103969
-0.0182564
-0.10425
-0.0178629
-0.105041
-0.0180179
-0.10406
-0.0173627
-0.105161
-0.0164498
-0.104725
-0.0161894
-0.104845
